-3  -2  -2  -2  -2  -2  -2  -2  -2  -2  -2  -2  -2  -4  -3  -2  -2  -2  -2  -2  -2  -2  -2  -2  -2  -2  -2  -4
-1  01  02  03  04  05  06  07  08  09  10  11  12  -1  -1  13  14  15  16  17  18  19  20  21  22  23  24  -1
-1  25  -3  -2  -2  -4  26  -3  -2  -2  -2  -4  27  -1  -1  28  -3  -2  -2  -2  -4  29  -3  -2  -2  -4  30  -1
-1  31  -1  -9  -9  -1  32  -1  -9  -9  -9  -1  33  -1  -1  34  -1  -9  -9  -9  -1  35  -1  -9  -9  -1  36  -1
-1  37  -6  -2  -2  -5  38  -6  -2  -2  -2  -5  39  -6  -5  40  -6  -2  -2  -2  -5  41  -6  -2  -2  -5  42  -1
-1  43  44  45  46  47  48  49  50  51  52  53  54  55  56  57  58  59  60  61  62  63  64  65  66  67  68  -1
-1  69  -3  -2  -2  -4  70  -3  -4  71  -3  -2  -2  -2  -2  -2  -2  -4  72  -3  -4  73  -3  -2  -2  -4  74  -1
-1  75  -6  -2  -2  -5  76  -1  -1  77  -6  -2  -2  -4  -3  -2  -2  -5  78  -1  -1  79  -6  -2  -2  -5  80  -1
-1  81  82  83  84  85  86  -1  -1  87  88  89  90  -1  -1  91  92  93  94  -1  -1  95  96  97  98  99 100  -1    
-6  -2  -2  -2  -2  -4  101 -1  -6  -2  -2  -4  102 -1  -1  103 -3  -2  -2  -5  -1  104 -3  -2  -2  -2  -2  -5
-9  -9  -9  -9  -9  -1  105 -1  -3  -2  -2  -5  106 -6  -5  107 -6  -2  -2  -4  -1  108 -1  -9  -9  -9  -9  -9
-9  -9  -9  -9  -9  -1  109 -1  -1  110 111 112 113 114 115 116 117 118 119 -1  -1  120 -1  -9  -9  -9  -9  -9
-9  -9  -9  -9  -9  -1  121 -1  -1  122 -3  -2  -2  123 124 -2  -2  -4  125 -1  -1  126 -1  -9  -9  -9  -9  -9
-2  -2  -2  -2  -2  -5  127 -6  -5  128 -1  129 130 131 132 133 134 -1  135 -6  -5  136 -6  -2  -2  -2  -2  -2
137 138 139 140 141 142 143 144 145 146 -1  147 148 149 150 151 152 -1  153 154 155 156 157 158 159 160 161 162
-2  -2  -2  -2  -2  -4  163 -3  -4  164 -1  165 166 167 168 169 170 -1  171 -3  -4  172 -3  -2  -2  -2  -2  -2
-9  -9  -9  -9  -9  -1  173 -1  -1  174 -6  -2  -2  -2  -2  -2  -2  -5  175 -1  -1  176 -1  -9  -9  -9  -9  -9
-9  -9  -9  -9  -9  -1  177 -1  -1  178 179 180 181 182 183 184 185 186 187 -1  -1  188 -1  -9  -9  -9  -9  -9
-9  -9  -9  -9  -9  -1  189 -1  -1  190 -3  -2  -2  -2  -2  -2  -2  -4  191 -1  -1  192 -1  -9  -9  -9  -9  -9
-3  -2  -2  -2  -2  -5  193 -6  -5  194 -6  -2  -2  -4  -3  -2  -2  -5  195 -6  -5  196 -6  -2  -2  -2  -2  -4
-1  197 198 199 200 201 202 203 204 205 206 207 208 -1  -1  209 210 211 212 213 214 215 216 217 218 219 220 -1
-1  221 -3  -2  -2  -4  222 -3  -2  -2  -2  -4  223 -1  -1  234 -3  -2  -2  -2  -4  235 -3  -2  -2  -4  236 -1
-1  237 -6  -2  -4  -1  238 -6  -2  -2  -2  -5  239 -6  -5  240 -6  -2  -2  -2  -5  241 -1  -3  -2  -5  242 -1
-1  243 244 245 -1  -1  246 247 248 249 250 251 252 253 254 255 256 257 258 259 260 261 -1  -1  262 263 264 -1
-6  -2  -4  265 -1  -1  266 -3  -4  267 -3  -2  -2  -2  -2  -2  -2  -4  268 -3  -4  269 -1  -1  270 -3  -2  -5
-3  -2  -5  271 -6  -5  272 -1  -1  273 -6  -2  -2  -4  -3  -2  -2  -5  274 -1  -1  275 -6  -5  276 -6  -2  -4
-1  277 278 279 280 281 282 -1  -1  283 284 285 286 -1  -1  287 288 289 290 -1  -1  291 292 293 294 295 296 -1
-1  297 -3  -2  -2  -2  -2  -5  -6  -2  -2  -4  298 -1  -1  299 -3  -2  -2  -5  -6  -2  -2  -2  -2  -4  300 -1
-1  301 -6  -2  -2  -2  -2  -2  -2  -2  -2  -5  302 -6  -5  303 -6  -2  -2  -2  -2  -2  -2  -2  -2  -5  304 -1
-1  305 306 307 308 309 310 311 312 313 314 315 316 317 318 319 320 321 322 323 324 325 326 327 328 329 330 -1
-6  -2  -2  -2  -2  -2  -2  -2  -2  -2  -2  -2  -2  -2  -2  -2  -2  -2  -2  -2  -2  -2  -2  -2  -2  -2  -2  -5